-1.047198 21.114089
-0.994838 21.721595
-0.942478 22.604764
-0.890118 23.098974
-0.837758 23.483978
-0.785398 23.828103
-0.733038 24.159027
-0.680678 24.320875
-0.628319 24.581440
-0.575959 24.836163
-0.523599 25.067217
-0.471239 25.385465
-0.418879 25.632225
-0.366519 25.896658
-0.314159 26.141981
-0.261799 26.295471
-0.209440 26.410703
-0.157080 26.628688
-0.104720 26.581545
-0.052360 26.662384
-0.000000 26.604293
0.052360 26.530668
0.104720 26.465544
0.157080 26.306620
0.209440 26.104412
0.261799 25.899165
0.314159 25.684336
0.366519 25.436515
0.418879 25.085369
0.471239 24.718732
0.523599 24.412587
0.575959 23.968108
0.628319 23.383896
0.680678 22.957025
0.733038 22.376950
0.785398 21.903197
0.837758 21.516366
0.890118 21.068511
0.942478 20.637616
0.994838 20.362544
1.047198 19.992713
