0.100000 9.897597 9.897597
0.150000 10.456080 0.558483
0.200000 12.915360 2.459280
0.250000 13.143925 0.228565
0.300000 13.439332 0.295408
0.350000 13.634048 0.194716
0.400000 14.009954 0.375906
0.450000 14.297615 0.287660
0.500000 14.600880 0.303265
0.550000 15.067774 0.466895
0.600000 15.632152 0.564377
0.650000 16.526734 0.894582
0.700000 17.169205 0.642471
0.750000 17.699739 0.530535
0.800000 18.184412 0.484673
0.850000 18.628636 0.444224
0.900000 19.095192 0.466555
0.950000 19.632995 0.537803
1.000000 20.217717 0.584722
1.050000 20.621873 0.404156
1.100000 21.181511 0.559638
1.150000 21.495259 0.313748
1.200000 21.973801 0.478541
1.250000 22.394123 0.420323
1.300000 22.961520 0.567397
1.350000 23.394326 0.432806
1.400000 23.860202 0.465876
1.450000 24.260895 0.400693
1.500000 24.523661 0.262766
1.550000 24.840063 0.316402
1.600000 25.014732 0.174669
1.650000 25.206766 0.192034
1.700000 25.462652 0.255885
1.750000 25.739912 0.277260
1.800000 25.944008 0.204096
1.850000 26.196089 0.252082
1.900000 26.333383 0.137294
1.950000 26.527811 0.194428
0.157419 10.701482 -15.826329
0.157420 10.701482 0.000000
0.157420 10.701482 0.000000
0.157420 10.701482 0.000000
0.157420 10.701482 0.000000
0.157420 10.701482 0.000000
0.157420 10.701482 0.000000
0.157420 10.701482 0.000000
0.157420 10.701482 0.000000
0.157420 10.701482 0.000000
0.157420 10.701482 0.000000
0.157420 10.701482 0.000000
0.157420 10.701482 0.000000
0.157420 10.701482 0.000000
0.157420 10.701482 0.000000
0.157420 12.634457 1.932974
0.157420 12.634457 0.000000
0.157420 12.634457 0.000000
0.157420 12.634457 0.000000
0.157420 12.634457 0.000000
0.157420 12.634457 0.000000
0.157420 12.634457 0.000000
0.157420 12.634457 0.000000
0.157420 12.634457 0.000000
0.157420 12.634457 0.000000
0.157420 12.634457 0.000000
0.157420 12.634457 0.000000
0.157420 12.634457 0.000000
0.157420 12.634457 0.000000
0.157420 12.634457 0.000000
0.157420 12.634457 0.000000
0.157420 12.634457 0.000000
0.157420 12.634457 0.000000
0.157420 12.634457 0.000000
0.157420 12.634457 0.000000
0.157420 12.634457 0.000000
0.157420 12.634458 0.000000
0.157420 12.634458 0.000000
0.157420 12.634458 0.000000
0.157420 12.634458 0.000000
0.157420 12.634458 0.000000
